0 0.22384409822405002 0.4435368761559921 0.03 0.03
0 0.24284029048305814 0.5750408026113676 0.03 0.03
0 0.26580355903711783 0.6530972267939439 0.03 0.03
0 0.2860966800848955 0.7042376426377008 0.03 0.03
0 0.3063898011326654 0.742817254590009 0.03 0.03
0 0.3277509811829567 0.7365368526442838 0.03 0.03
0 0.36887125277975913 0.7365368526442838 0.03 0.03
0 0.4121276423815926 0.7804996662643555 0.03 0.03
0 0.43348882243188386 0.6252840181771637 0.03 0.03
0 0.44310135345451007 0.55081639510643 0.03 0.03
0 0.45271388447714406 0.47365717120181455 0.03 0.03
0 0.4740750645274314 0.37317074007022155 0.03 0.03
0 0.48635774305634744 0.3597127359008119 0.03 0.03
0 0.5050487756003489 0.3283107261721898 0.03 0.03
0 0.5264099556506402 0.3139555217248193 0.03 0.03
0 0.5477711357009275 0.3256191253383072 0.03 0.03
0 0.5904934958015023 0.32741352589422895 0.03 0.03
0 0.6236033248794508 0.3193387233925828 0.03 0.03
0 0.6625874784712261 0.45122716425279785 0.03 0.03
0 0.6935611895441475 0.4655823687001684 0.03 0.03
0 0.7256029596195785 0.4566103659205622 0.03 0.03
0 0.7576447296950096 0.45840476647648315 0.03 0.03
0 0.7880844112666722 0.4521243645307587 0.03 0.03
0 0.8221860094183837 0.4514835071893581 0.03 0.03
0 0.8546092291375682 0.4414861326635118 0.03 0.03
0 0.8852777804954829 0.43687195980542814 0.03 0.03
