0 0.15281909369135385 0.527748237425657 0.03 0.03
0 0.18819243050974502 0.5077025020099025 0.03 0.03
0 0.252201325704929 0.3745415453195341 0.03 0.03
0 0.21935465580213723 0.6079311790886744 0.03 0.03
0 0.28673244021812044 0.572135222989113 0.03 0.03
0 0.31705244320531284 0.5749988994770779 0.03 0.03
0 0.3507413354133044 0.5621123552812358 0.03 0.03
0 0.4492813451216797 0.2571308093129726 0.03 0.03
0 0.48297023732967126 0.4633155164464464 0.03 0.03
0 0.4189613421344872 0.5864536054289377 0.03 0.03
0 0.384430227621296 0.6494544881641657 0.03 0.03
0 0.5141324626220635 0.6022038261127448 0.03 0.03
0 0.5486635771352547 0.39745095722325335 0.03 0.03
0 0.5798258024276471 0.43611058981077977 0.03 0.03
0 0.6160413615512378 0.46045183995848143 0.03 0.03
0 0.6472035868436302 0.4375424280547621 0.03 0.03
0 0.6783658121360222 0.393155442491306 0.03 0.03
0 0.711212482038814 0.5492258110853938 0.03 0.03
0 0.7449013742468055 0.6036356643567271 0.03 0.03
0 0.7785902664547971 0.5993401496247798 0.03 0.03
0 0.8097524917471892 0.4389742662987446 0.03 0.03
0 0.843441383955181 0.36308683936767444 0.03 0.03
0 0.8754458315527729 0.4740543032763148 0.03 0.03
0 0.9049236122347655 0.406041986687148 0.03 0.03
0 0.9396652823242568 0.6029197452347359 0.03 0.03
0 0.9737051004927484 0.5730897818184347 0.03 0.03
