0 0.20601441123565178 0.3364207494226614 0.03 0.03
0 0.2588925976167813 0.39475056492264904 0.03 0.03
0 0.31573664797649353 0.2975342057560031 0.03 0.03
0 0.3699367890171626 0.2824116609967471 0.03 0.03
0 0.44925406858885325 0.3601847483300638 0.03 0.03
0 0.5325372121391411 0.3990712919967223 0.03 0.03
0 0.6144984010298965 0.41635420029301484 0.03 0.03
0 0.6951376352611267 0.42499565444116116 0.03 0.03
0 0.7466938669827382 0.4444389262744904 0.03 0.03
0 0.8022159626829181 0.4552407439596731 0.03 0.03
0 0.85641610372358 0.43795783566338065 0.03 0.03
0 0.9132601540833066 0.4357974721263439 0.03 0.03
