0 0.22530602299472227 0.7789306486796889 0.03 0.03
0 0.26754093098094506 0.6824853692307574 0.03 0.03
0 0.3087702459198744 0.6018507913308306 0.03 0.03
0 0.34999956085880374 0.5828779494720242 0.03 0.03
0 0.3942456549396098 0.5639051076132178 0.03 0.03
0 0.4354749698785391 0.5860400897818253 0.03 0.03
0 0.47770987786476193 0.6318911242739409 0.03 0.03
0 0.5179335997564015 0.573391528542621 0.03 0.03
0 0.5601685077426243 0.544932265754412 0.03 0.03
0 0.602403415728847 0.4579734072348837 0.03 0.03
0 0.6436327306677764 0.33623100530754363 0.03 0.03
0 0.6858676386539992 0.2698260588017203 0.03 0.03
0 0.7270969535929286 0.30144746189973176 0.03 0.03
0 0.7683262685318579 0.2887989006605267 0.03 0.03
0 0.8115667695653704 0.29196104097032854 0.03 0.03
0 0.8507848984097202 0.30460960220953215 0.03 0.03
0 0.906092516010725 0.31725816344873714 0.03 0.03
