0 0.2599754985687864 0.3784089255396556 0.03 0.03
0 0.30691929841093796 0.3698520494785351 0.03 0.03
0 0.3529937686263862 0.35131215134610705 0.03 0.03
0 0.3990682388418424 0.34275527528498656 0.03 0.03
0 0.44253472017716494 0.32849381518311904 0.03 0.03
0 0.49208650889944217 0.3142323550812515 0.03 0.03
0 0.5372916494881792 0.3028231869997575 0.03 0.03
0 0.5798888011967985 0.28998787290807654 0.03 0.03
0 0.626832601038958 0.27857870482658253 0.03 0.03
0 0.6711684120009918 0.2743002667960223 0.03 0.03
0 0.7189815414698545 0.2600388066941548 0.03 0.03
0 0.7624480228051771 0.2514819306330341 0.03 0.03
0 0.8102611522740398 0.2443512005821003 0.03 0.03
0 0.8563356224894881 0.23864661654135344 0.03 0.03
