0 0.5847639484978541 0.43238434163701067 0.8133047210300429 0.4875444839857651
5 0.11158798283261803 0.18683274021352314 0.0944206008583691 0.03914590747330961
5 0.11158798283261803 0.26512455516014233 0.0944206008583691 0.03914590747330961
5 0.11802575107296137 0.3469750889679715 0.08583690987124463 0.03914590747330961
5 0.11802575107296137 0.42704626334519574 0.08583690987124463 0.042704626334519574
5 0.11802575107296137 0.5088967971530249 0.08583690987124463 0.042704626334519574
5 0.11909871244635194 0.5889679715302492 0.08369098712446352 0.03914590747330961
5 0.14914163090128754 0.6708185053380783 0.019313304721030045 0.03914590747330961
6 0.19259656652360516 0.7606761565836299 0.07510729613733906 0.12455516014234876
6 0.26824034334763946 0.7722419928825622 0.09012875536480687 0.1423487544483986
6 0.3471030042918455 0.7704626334519573 0.08798283261802575 0.14590747330960854
6 0.44527896995708155 0.7428825622775801 0.0536480686695279 0.09252669039145907
6 0.5198497854077253 0.751779359430605 0.06437768240343347 0.10676156583629894
6 0.5815450643776824 0.7838078291814946 0.11158798283261803 0.17437722419928825
6 0.6614806866952789 0.7838078291814946 0.10300429184549356 0.1708185053380783
6 0.7473175965665236 0.7766903914590747 0.09012875536480687 0.1494661921708185
6 0.8331545064377682 0.7713523131672598 0.08798283261802575 0.1423487544483986
6 0.9050429184549357 0.7784697508896797 0.09656652360515021 0.1601423487544484
9 0.4989270386266094 0.06583629893238434 0.7703862660944206 0.08185053380782918
9 0.5590128755364807 0.9644128113879004 0.11373390557939914 0.03558718861209965
9 0.04184549356223176 0.4288256227758007 0.023605150214592276 0.24555160142348753
