3 0.547808764940239 0.4817880794701987 0.8565737051792829 0.7052980132450332
5 0.09262948207171315 0.8327814569536424 0.017928286852589643 0.03642384105960265
5 0.08964143426294821 0.7433774834437086 0.027888446215139442 0.03642384105960265
5 0.08266932270916334 0.6556291390728477 0.037848605577689244 0.033112582781456956
5 0.08266932270916334 0.5678807947019867 0.037848605577689244 0.03642384105960265
5 0.08266932270916334 0.4768211920529801 0.037848605577689244 0.033112582781456956
5 0.08266932270916334 0.3890728476821192 0.037848605577689244 0.03642384105960265
5 0.08266932270916334 0.30132450331125826 0.037848605577689244 0.033112582781456956
5 0.08266932270916334 0.2119205298013245 0.037848605577689244 0.033112582781456956
5 0.08167330677290836 0.12417218543046357 0.0398406374501992 0.03642384105960265
5 0.14243027888446216 0.8774834437086093 0.013944223107569721 0.033112582781456956
5 0.1892430278884462 0.8774834437086093 0.01593625498007968 0.033112582781456956
5 0.23904382470119523 0.8774834437086093 0.01593625498007968 0.033112582781456956
5 0.2858565737051793 0.8774834437086093 0.013944223107569721 0.033112582781456956
5 0.33266932270916333 0.8774834437086093 0.01593625498007968 0.033112582781456956
5 0.38147410358565736 0.8774834437086093 0.013944223107569721 0.033112582781456956
5 0.42828685258964144 0.8774834437086093 0.01593625498007968 0.033112582781456956
5 0.4760956175298805 0.8774834437086093 0.01593625498007968 0.033112582781456956
5 0.5249003984063745 0.8774834437086093 0.025896414342629483 0.033112582781456956
5 0.5727091633466136 0.8774834437086093 0.025896414342629483 0.033112582781456956
5 0.6205179282868526 0.8774834437086093 0.025896414342629483 0.033112582781456956
5 0.6683266932270916 0.8774834437086093 0.025896414342629483 0.033112582781456956
5 0.7161354581673307 0.8774834437086093 0.025896414342629483 0.033112582781456956
5 0.7639442231075697 0.8774834437086093 0.025896414342629483 0.033112582781456956
5 0.8117529880478087 0.8774834437086093 0.025896414342629483 0.033112582781456956
5 0.8595617529880478 0.8774834437086093 0.025896414342629483 0.033112582781456956
5 0.9073705179282868 0.8774834437086093 0.025896414342629483 0.033112582781456956
5 0.9551792828685259 0.8774834437086093 0.025896414342629483 0.033112582781456956
9 0.500996015936255 0.056291390728476824 0.5517928286852589 0.046357615894039736
9 0.547808764940239 0.9354304635761589 0.28286852589641437 0.03642384105960265
9 0.03884462151394422 0.43874172185430466 0.021912350597609563 0.2947019867549669
