3 0.6188118811881188 0.42077922077922075 0.7980198019801981 0.7168831168831169
5 0.16435643564356436 0.1 0.027722772277227723 0.04415584415584416
5 0.1504950495049505 0.3025974025974026 0.05148514851485148 0.04415584415584416
5 0.1495049504950495 0.4909090909090909 0.04950495049504951 0.046753246753246755
5 0.15148514851485148 0.6805194805194805 0.053465346534653464 0.046753246753246755
5 0.21584158415841584 0.8493506493506493 0.027722772277227723 0.046753246753246755
5 0.3930693069306931 0.8493506493506493 0.02574257425742574 0.046753246753246755
5 0.5683168316831683 0.8493506493506493 0.047524752475247525 0.046753246753246755
5 0.7465346534653465 0.8493506493506493 0.047524752475247525 0.046753246753246755
5 0.9188118811881189 0.8493506493506493 0.047524752475247525 0.046753246753246755
9 0.5722772277227722 0.9415584415584416 0.16237623762376238 0.05974025974025974
9 0.07524752475247524 0.4064935064935065 0.04356435643564356 0.21038961038961038
