3 0.51484375 0.5041666666666667 0.7140625 0.775
5 0.12734375 0.15104166666666666 0.0296875 0.027083333333333334
5 0.13203125 0.265625 0.0390625 0.027083333333333334
5 0.13203125 0.378125 0.0390625 0.027083333333333334
5 0.13203125 0.49270833333333336 0.0390625 0.027083333333333334
5 0.13203125 0.6072916666666667 0.0390625 0.027083333333333334
5 0.1328125 0.721875 0.0375 0.027083333333333334
5 0.134375 0.834375 0.040625 0.027083333333333334
5 0.18671875 0.925 0.0359375 0.03333333333333333
5 0.24765625 0.9208333333333333 0.0390625 0.029166666666666667
5 0.30859375 0.921875 0.0421875 0.027083333333333334
5 0.3640625 0.9260416666666667 0.040625 0.03125
5 0.42421875 0.925 0.0421875 0.03333333333333333
5 0.48125 0.9197916666666667 0.0375 0.03958333333333333
5 0.53984375 0.9197916666666667 0.0296875 0.03958333333333333
5 0.59921875 0.9197916666666667 0.0421875 0.03958333333333333
5 0.659375 0.9208333333333333 0.040625 0.041666666666666664
5 0.71796875 0.921875 0.0390625 0.027083333333333334
5 0.7765625 0.921875 0.040625 0.027083333333333334
5 0.8359375 0.9166666666666666 0.040625 0.0375
9 0.5125 0.0875 0.540625 0.05416666666666667
9 0.0875 0.5052083333333334 0.028125 0.3729166666666667
9 0.51328125 0.9635416666666666 0.1015625 0.035416666666666666
