3 0.5125 0.5041666666666667 0.778125 0.625
5 0.08046875 0.21979166666666666 0.0484375 0.027083333333333334
5 0.0796875 0.290625 0.046875 0.027083333333333334
5 0.08046875 0.359375 0.0484375 0.027083333333333334
5 0.08046875 0.43020833333333336 0.0484375 0.027083333333333334
5 0.08046875 0.5010416666666667 0.0484375 0.027083333333333334
5 0.08046875 0.5697916666666667 0.0484375 0.027083333333333334
5 0.08046875 0.640625 0.0484375 0.027083333333333334
5 0.08046875 0.7114583333333333 0.0484375 0.027083333333333334
5 0.08046875 0.7802083333333333 0.0484375 0.027083333333333334
5 0.1609375 0.8552083333333333 0.015625 0.027083333333333334
5 0.27578125 0.8552083333333333 0.0140625 0.027083333333333334
5 0.3953125 0.8552083333333333 0.015625 0.027083333333333334
5 0.5125 0.8552083333333333 0.015625 0.027083333333333334
5 0.6296875 0.8552083333333333 0.015625 0.027083333333333334
5 0.74765625 0.8552083333333333 0.0265625 0.027083333333333334
5 0.8640625 0.8552083333333333 0.025 0.027083333333333334
9 0.5125 0.165625 0.253125 0.04375
9 0.5125 0.896875 0.225 0.035416666666666666
9 0.03359375 0.50625 0.0265625 0.15833333333333333
